ID:0||extent=[0]||intent=[0, 1, 2, 3]||fah=[12, 63]||chd=[1]
ID:1||extent=[]||intent=[0, 1, 2, 3, 4, 5, 6, 7, 8, 9, 10, 11, 12, 13, 14, 15, 16, 17, 18, 19, 20, 21, 22, 23, 24, 25, 26, 27, 28, 29, 30, 31, 32, 33, 34, 35, 36, 37, 39, 40, 42, 44, 45, 47, 49, 50, 51, 52, 53, 54, 55, 56, 57, 59, 60, 61, 62, 64, 65, 66, 67, 68, 70, 72, 73, 75, 76, 77, 78, 79, 81, 82, 83, 84, 85, 86, 88, 89, 90, 91, 92, 93, 94, 95, 96, 99, 101, 102, 103, 104, 105, 106, 108, 110, 111, 112, 113, 114, 115, 116, 117, 118, 121, 122, 123, 124, 126, 127, 129, 130, 131]||fah=[0, 7, 8, 11, 17, 18, 21, 22, 23, 26, 27, 30, 33, 35, 36, 38, 39, 40, 42, 43, 46, 49, 51, 55, 58, 62, 68, 69, 71, 73, 75, 76, 78, 79, 80, 83, 87, 89, 92, 94, 99, 100, 101, 102, 104, 105, 107, 109, 110, 115, 116, 118, 120, 123, 124, 126, 127, 131, 136, 139, 140, 142, 143, 144, 146, 147, 148, 149, 150, 152, 153, 154, 156, 158, 161, 162, 163, 164, 167, 168, 170, 171, 172, 174, 175, 178, 180, 181, 182, 183, 185, 186, 187, 188, 189, 191, 192, 193, 194, 196, 197, 198, 200, 202, 203, 204, 205, 207, 210, 212]||chd=[]
ID:2||extent=[0, 1, 2, 3, 4, 5, 6, 8, 9, 10, 11, 12, 13, 14, 15, 16, 17, 18, 19, 20, 21, 22, 23, 24, 25, 26, 27, 29, 31, 32, 33, 35, 36, 37, 38, 39, 40, 41, 42, 43, 44, 45, 46, 47, 48, 49, 50, 51, 52, 53, 54, 55, 56, 57, 58, 59, 60, 61, 62, 63, 65, 66, 67, 68, 69, 70, 71, 72, 73, 74, 75, 76, 77, 78, 79, 80, 81, 82, 83, 84, 85, 86, 87, 88, 89, 91, 92, 94, 95, 96, 97, 98, 100, 101, 102, 104, 105, 106, 107, 109, 110, 111, 112, 113, 114, 115, 116, 117, 118, 119, 120, 121, 122, 123, 125, 126, 127, 128, 129, 130, 131, 132, 133, 134, 135, 136, 137, 138, 139, 140, 141, 142, 143, 144, 145, 147, 148, 149, 150, 151, 152, 154, 155, 156, 157, 158, 159, 160, 161, 162, 163, 164, 165, 166, 167, 168, 169, 170, 171, 172, 173, 174, 175, 176, 177, 178, 179, 180, 181, 182, 183, 184, 185, 186, 188, 189]||intent=[1]||fah=[14]||chd=[4, 12, 44, 56, 63, 81, 113]
ID:3||extent=[1, 14, 169]||intent=[1, 5, 6, 7]||fah=[6, 9]||chd=[30, 194]
ID:4||extent=[1, 2, 3, 4, 5, 8, 9, 10, 11, 12, 13, 14, 15, 16, 17, 18, 19, 20, 21, 22, 23, 24, 25, 26, 27, 29, 32, 33, 35, 36, 38, 39, 40, 41, 42, 43, 44, 45, 47, 48, 49, 50, 51, 52, 53, 54, 55, 56, 57, 58, 59, 60, 61, 62, 63, 65, 66, 67, 68, 69, 70, 71, 72, 73, 74, 75, 76, 77, 78, 79, 80, 81, 83, 84, 85, 86, 87, 88, 89, 91, 92, 94, 95, 96, 97, 98, 100, 101, 102, 104, 105, 106, 107, 109, 110, 111, 112, 113, 114, 115, 116, 117, 118, 119, 120, 121, 122, 123, 125, 126, 127, 128, 129, 130, 131, 132, 133, 134, 135, 136, 137, 138, 139, 140, 141, 142, 143, 144, 145, 147, 148, 149, 150, 151, 152, 154, 155, 156, 157, 158, 159, 160, 161, 162, 163, 164, 165, 166, 167, 168, 169, 170, 171, 172, 173, 174, 175, 176, 177, 178, 179, 180, 181, 182, 183, 184, 185, 186, 188, 189]||intent=[1, 5]||fah=[2, 15]||chd=[6, 8, 9, 10, 19, 20, 25, 28, 31, 32, 37, 38, 41, 45, 50, 65, 70, 74, 77, 82, 84, 86, 90, 91, 93, 103, 108, 121, 122, 132, 135, 139, 141, 149, 162, 163, 173, 175, 176, 184, 189, 193, 199, 207, 210]
ID:5||extent=[2, 13, 22]||intent=[1, 10, 5, 9]||fah=[19, 28]||chd=[27, 40]
ID:6||extent=[1, 3, 8, 14, 36, 40, 55, 77, 83, 84, 97, 105, 122, 125, 128, 137, 149, 169, 170, 171]||intent=[1, 5, 7]||fah=[4]||chd=[3, 7, 111, 117, 143, 152, 155, 159, 160, 195]
ID:7||extent=[3]||intent=[1, 11, 5, 7]||fah=[6, 10]||chd=[1]
ID:8||extent=[4]||intent=[1, 5, 13]||fah=[4]||chd=[1]
ID:9||extent=[1, 5, 9, 11, 14, 32, 43, 49, 65, 71, 76, 96, 117, 121, 135, 138, 150, 152, 158, 161, 164, 168, 169, 176, 181]||intent=[1, 5, 6]||fah=[4]||chd=[3, 11, 23, 58, 75, 100, 110, 133, 151, 166, 169, 183, 185, 190, 203]
ID:10||extent=[3, 5, 17, 25, 42, 73, 136, 166, 184]||intent=[1, 11, 5]||fah=[4]||chd=[7, 34, 42, 72, 168]
ID:11||extent=[5]||intent=[1, 5, 6, 11, 14]||fah=[9, 34]||chd=[1]
ID:12||extent=[0, 6, 12, 59, 63, 68, 79, 82, 86, 123, 127, 132, 145, 156]||intent=[0, 1]||fah=[2, 16]||chd=[0, 13, 93, 114]
ID:13||extent=[6, 82, 145]||intent=[0, 16, 1]||fah=[12, 44, 128]||chd=[115, 178]
ID:14||extent=[0, 1, 2, 3, 4, 5, 6, 7, 8, 9, 10, 11, 12, 13, 14, 15, 16, 17, 18, 19, 20, 21, 22, 23, 24, 25, 26, 27, 28, 29, 30, 31, 32, 33, 34, 35, 36, 37, 38, 39, 40, 41, 42, 43, 44, 45, 46, 47, 48, 49, 50, 51, 52, 53, 54, 55, 56, 57, 58, 59, 60, 61, 62, 63, 64, 65, 66, 67, 68, 69, 70, 71, 72, 73, 74, 75, 76, 77, 78, 79, 80, 81, 82, 83, 84, 85, 86, 87, 88, 89, 90, 91, 92, 93, 94, 95, 96, 97, 98, 99, 100, 101, 102, 103, 104, 105, 106, 107, 108, 109, 110, 111, 112, 113, 114, 115, 116, 117, 118, 119, 120, 121, 122, 123, 124, 125, 126, 127, 128, 129, 130, 131, 132, 133, 134, 135, 136, 137, 138, 139, 140, 141, 142, 143, 144, 145, 146, 147, 148, 149, 150, 151, 152, 153, 154, 155, 156, 157, 158, 159, 160, 161, 162, 163, 164, 165, 166, 167, 168, 169, 170, 171, 172, 173, 174, 175, 176, 177, 178, 179, 180, 181, 182, 183, 184, 185, 186, 187, 188, 189, 190]||intent=[]||fah=[]||chd=[2, 15, 16, 52, 53, 54, 59, 95, 145, 208]
ID:15||extent=[1, 2, 3, 4, 5, 7, 8, 9, 10, 11, 12, 13, 14, 15, 16, 17, 18, 19, 20, 21, 22, 23, 24, 25, 26, 27, 28, 29, 32, 33, 35, 36, 38, 39, 40, 41, 42, 43, 44, 45, 47, 48, 49, 50, 51, 52, 53, 54, 55, 56, 57, 58, 59, 60, 61, 62, 63, 64, 65, 66, 67, 68, 69, 70, 71, 72, 73, 74, 75, 76, 77, 78, 79, 80, 81, 83, 84, 85, 86, 87, 88, 89, 90, 91, 92, 93, 94, 95, 96, 97, 98, 99, 100, 101, 102, 103, 104, 105, 106, 107, 109, 110, 111, 112, 113, 114, 115, 116, 117, 118, 119, 120, 121, 122, 123, 124, 125, 126, 127, 128, 129, 130, 131, 132, 133, 134, 135, 136, 137, 138, 139, 140, 141, 142, 143, 144, 145, 146, 147, 148, 149, 150, 151, 152, 153, 154, 155, 156, 157, 158, 159, 160, 161, 162, 163, 164, 165, 166, 167, 168, 169, 170, 171, 172, 173, 174, 175, 176, 177, 178, 179, 180, 181, 182, 183, 184, 185, 186, 187, 188, 189, 190]||intent=[5]||fah=[14]||chd=[4, 24, 47, 48, 61, 96, 98, 125, 129, 137, 142, 154, 179, 209, 211]
ID:16||extent=[0, 6, 7, 12, 59, 63, 68, 79, 82, 86, 93, 123, 127, 132, 145, 156]||intent=[0]||fah=[14]||chd=[12, 24, 128]
ID:17||extent=[7]||intent=[0, 18, 5]||fah=[24, 125]||chd=[1]
ID:18||extent=[8]||intent=[1, 5, 7, 17, 20]||fah=[20, 159]||chd=[1]
ID:19||extent=[9, 2, 13, 17, 22, 26, 40, 42, 74, 85, 95, 114, 126, 147, 161]||intent=[1, 10, 5]||fah=[4, 129]||chd=[5, 43, 69, 72, 106, 181, 190]
ID:20||extent=[8, 9, 38, 63, 66, 79, 91, 112, 142, 159]||intent=[1, 5, 17]||fah=[4, 47]||chd=[18, 21, 66, 101, 112, 148, 174]
ID:21||extent=[9]||intent=[1, 5, 6, 10, 17]||fah=[20, 190]||chd=[1]
ID:22||extent=[10]||intent=[1, 5, 19, 21]||fah=[25, 31]||chd=[1]
ID:23||extent=[11]||intent=[1, 5, 22, 6]||fah=[9, 41]||chd=[1]
ID:24||extent=[12, 7, 59, 63, 68, 79, 86, 93, 123, 127, 132, 145, 156]||intent=[0, 5]||fah=[15, 16]||chd=[17, 93, 177]
ID:25||extent=[10, 12, 21, 59, 86, 112]||intent=[1, 19, 5]||fah=[4, 145]||chd=[22, 39, 88, 148]
ID:26||extent=[12]||intent=[0, 1, 4, 5, 19]||fah=[32, 88]||chd=[1]
ID:27||extent=[13]||intent=[1, 5, 9, 10, 23]||fah=[5, 29, 106]||chd=[1]
ID:28||extent=[2, 13, 14, 16, 22, 39, 44, 45, 148]||intent=[1, 5, 9]||fah=[4, 53]||chd=[5, 29, 68]
ID:29||extent=[13, 14, 16, 148]||intent=[1, 5, 9, 23]||fah=[28, 65]||chd=[27, 30, 33]
ID:30||extent=[14]||intent=[1, 5, 6, 7, 9, 23]||fah=[3, 29, 166]||chd=[1]
ID:31||extent=[10, 15, 70, 80]||intent=[1, 5, 21]||fah=[4]||chd=[22, 104]
ID:32||extent=[16, 12]||intent=[1, 4, 5]||fah=[4]||chd=[26, 33]
ID:33||extent=[16]||intent=[1, 4, 5, 9, 23, 24]||fah=[32, 29, 141]||chd=[1]
ID:34||extent=[17, 5]||intent=[1, 11, 5, 14]||fah=[10]||chd=[11, 35]
ID:35||extent=[17]||intent=[1, 5, 10, 11, 14]||fah=[34, 72]||chd=[1]
ID:36||extent=[18]||intent=[1, 26, 5, 25]||fah=[108]||chd=[1]
ID:37||extent=[19, 56, 92, 101, 105, 118, 141, 173, 174, 176]||intent=[1, 5, 15]||fah=[4]||chd=[87, 127, 140, 143, 172, 201, 203]
ID:38||extent=[20]||intent=[1, 27, 28, 5]||fah=[4]||chd=[1]
ID:39||extent=[21]||intent=[1, 5, 19, 29]||fah=[25, 86]||chd=[1]
ID:40||extent=[22]||intent=[1, 5, 9, 10, 30]||fah=[5, 70]||chd=[1]
ID:41||extent=[24, 11]||intent=[1, 5, 22]||fah=[4]||chd=[23]
ID:42||extent=[25]||intent=[32, 1, 11, 5]||fah=[10, 90]||chd=[1]
ID:43||extent=[26]||intent=[1, 10, 12, 5]||fah=[19, 45]||chd=[1]
ID:44||extent=[27, 6, 29, 31, 37, 39, 40, 41, 45, 46, 48, 51, 52, 62, 66, 67, 77, 82, 97, 101, 106, 133, 136, 145, 150, 155, 158, 163, 164, 170]||intent=[16, 1]||fah=[2, 52]||chd=[13, 50, 57, 64, 76]
ID:45||extent=[26, 27, 84, 119]||intent=[1, 12, 5]||fah=[4]||chd=[43, 46, 118, 150]
ID:46||extent=[27]||intent=[1, 33, 5, 12, 16]||fah=[45, 50, 199]||chd=[1]
ID:47||extent=[8, 9, 28, 38, 63, 66, 79, 91, 112, 142, 159]||intent=[17, 5]||fah=[15]||chd=[20, 49]
ID:48||extent=[28, 22, 41, 54, 107, 181]||intent=[5, 30]||fah=[15]||chd=[49, 70]
ID:49||extent=[28]||intent=[17, 34, 5, 30]||fah=[47, 48, 61]||chd=[1]
ID:50||extent=[27, 29, 39, 40, 41, 45, 48, 51, 52, 62, 66, 67, 77, 97, 101, 106, 133, 136, 145, 150, 155, 158, 163, 164, 170]||intent=[16, 1, 5]||fah=[4, 44, 96]||chd=[46, 68, 71, 79, 80, 92, 101, 111, 140, 165, 168, 178, 183, 186]
ID:51||extent=[29]||intent=[1, 35, 36, 5, 16]||fah=[77, 165]||chd=[1]
ID:52||extent=[27, 29, 6, 30, 31, 34, 37, 39, 40, 41, 45, 46, 48, 51, 52, 62, 64, 66, 67, 77, 82, 93, 97, 99, 101, 106, 133, 136, 145, 150, 155, 158, 163, 164, 170]||intent=[16]||fah=[14]||chd=[44, 60, 67, 96, 97, 128]
ID:53||extent=[2, 13, 14, 16, 22, 30, 39, 44, 45, 108, 148]||intent=[9]||fah=[14]||chd=[28, 67, 146]
ID:54||extent=[28, 30, 35, 53, 59, 71, 83, 84, 90, 153, 157, 171, 182]||intent=[34]||fah=[14]||chd=[55, 61]
ID:55||extent=[30]||intent=[16, 9, 34]||fah=[54, 67]||chd=[1]
ID:56||extent=[25, 31, 60, 138, 157, 170, 182]||intent=[32, 1]||fah=[2]||chd=[57, 90]
ID:57||extent=[31, 170]||intent=[32, 16, 1]||fah=[44, 56]||chd=[196]
ID:58||extent=[32]||intent=[1, 37, 5, 6]||fah=[9]||chd=[1]
ID:59||extent=[0, 34, 37, 42, 54, 62, 71, 72, 96, 98, 119, 129, 146, 181]||intent=[2]||fah=[14]||chd=[60, 63, 179]
ID:60||extent=[34, 37, 62]||intent=[16, 2]||fah=[52, 59]||chd=[64]
ID:61||extent=[35, 28, 53, 59, 71, 83, 84, 90, 153, 157, 171, 182]||intent=[34, 5]||fah=[15, 54]||chd=[49, 82, 126]
ID:62||extent=[35]||intent=[1, 34, 5, 39]||fah=[74, 82]||chd=[1]
ID:63||extent=[0, 37, 42, 54, 62, 71, 72, 96, 98, 119, 129, 181]||intent=[1, 2]||fah=[2, 59]||chd=[0, 64, 84]
ID:64||extent=[37, 62]||intent=[16, 1, 2]||fah=[44, 60, 63]||chd=[92]
ID:65||extent=[16, 38, 13, 14, 52, 58, 63, 74, 75, 81, 89, 126, 135, 140, 148, 173, 174]||intent=[1, 5, 23]||fah=[4]||chd=[29, 66, 80, 106, 109, 124, 166, 171, 201]
ID:66||extent=[38, 63]||intent=[1, 5, 17, 23]||fah=[20, 65]||chd=[94]
ID:67||extent=[30, 39, 45]||intent=[16, 9]||fah=[52, 53]||chd=[55, 68]
ID:68||extent=[39, 45]||intent=[16, 1, 5, 9]||fah=[67, 28, 50]||chd=[1]
ID:69||extent=[40]||intent=[1, 5, 7, 10, 16]||fah=[19, 111, 130]||chd=[1]
ID:70||extent=[41, 22, 54, 107, 181]||intent=[1, 5, 30]||fah=[4, 48]||chd=[40, 71, 85, 144]
ID:71||extent=[41]||intent=[16, 1, 5, 30]||fah=[50, 70]||chd=[1]
ID:72||extent=[17, 42]||intent=[1, 10, 11, 5]||fah=[10, 19]||chd=[35, 73]
ID:73||extent=[42]||intent=[1, 2, 5, 10, 11]||fah=[72, 84]||chd=[1]
ID:74||extent=[43, 35, 47, 109]||intent=[1, 5, 39]||fah=[4]||chd=[62, 75, 78]
ID:75||extent=[43]||intent=[1, 5, 6, 39]||fah=[9, 74]||chd=[1]
ID:76||extent=[46]||intent=[16, 1, 40]||fah=[44, 81, 97]||chd=[1]
ID:77||extent=[29, 47, 121, 135]||intent=[1, 36, 5]||fah=[4]||chd=[51, 78, 151]
ID:78||extent=[47]||intent=[1, 36, 5, 39]||fah=[74, 77]||chd=[1]
ID:79||extent=[51]||intent=[16, 1, 42, 5]||fah=[50]||chd=[1]
ID:80||extent=[52]||intent=[16, 1, 5, 23]||fah=[50, 65]||chd=[1]
ID:81||extent=[53, 46, 61, 86, 127, 132, 172]||intent=[40, 1]||fah=[2, 95]||chd=[76, 91]
ID:82||extent=[35, 53, 59, 71, 83, 84, 157, 171, 182]||intent=[1, 34, 5]||fah=[4, 61]||chd=[62, 83, 89, 105, 117, 206]
ID:83||extent=[53]||intent=[40, 1, 34, 5]||fah=[82, 91]||chd=[1]
ID:84||extent=[42, 54, 62, 71, 72, 96, 98, 119, 129, 181]||intent=[1, 2, 5]||fah=[4, 63, 179]||chd=[73, 85, 92, 133, 136, 150]
ID:85||extent=[54, 181]||intent=[1, 2, 5, 30]||fah=[70, 84]||chd=[205]
ID:86||extent=[56, 21, 74, 76, 87, 97, 170]||intent=[1, 5, 29]||fah=[4]||chd=[39, 87, 107, 110, 134]
ID:87||extent=[56]||intent=[1, 5, 29, 15]||fah=[37, 86]||chd=[1]
ID:88||extent=[59, 12, 86]||intent=[0, 1, 19, 5]||fah=[25, 93]||chd=[26, 89, 120]
ID:89||extent=[59]||intent=[0, 1, 34, 5, 19]||fah=[82, 88]||chd=[1]
ID:90||extent=[25, 60, 138, 157, 170, 182]||intent=[32, 1, 5]||fah=[4, 56]||chd=[42, 170, 196, 206]
ID:91||extent=[61, 53, 86, 127, 132, 172]||intent=[40, 1, 5]||fah=[4, 81, 98]||chd=[83, 157, 198]
ID:92||extent=[62]||intent=[16, 1, 2, 5]||fah=[50, 64, 84]||chd=[1]
ID:93||extent=[59, 12, 63, 68, 79, 86, 123, 127, 132, 145, 156]||intent=[0, 1, 5]||fah=[4, 12, 24]||chd=[88, 102, 112, 119, 153, 178, 187]
ID:94||extent=[63]||intent=[0, 1, 5, 8, 17, 23]||fah=[66, 112, 119]||chd=[1]
ID:95||extent=[64, 61, 53, 46, 86, 127, 132, 146, 172]||intent=[40]||fah=[14]||chd=[81, 97, 98]
ID:96||extent=[64, 27, 29, 39, 40, 41, 45, 48, 51, 52, 62, 66, 67, 77, 93, 97, 99, 101, 106, 133, 136, 145, 150, 155, 158, 163, 164, 170]||intent=[16, 5]||fah=[15, 52]||chd=[50, 99, 130, 138, 177]
ID:97||extent=[64, 46]||intent=[16, 40]||fah=[52, 95]||chd=[76, 99]
ID:98||extent=[64, 53, 61, 86, 127, 132, 146, 172]||intent=[40, 5]||fah=[15, 95]||chd=[91, 99, 180]
ID:99||extent=[64]||intent=[16, 40, 5]||fah=[96, 97, 98]||chd=[1]
ID:100||extent=[65]||intent=[1, 44, 5, 6]||fah=[9, 121]||chd=[1]
ID:101||extent=[66]||intent=[16, 1, 5, 17]||fah=[20, 50]||chd=[1]
ID:102||extent=[68]||intent=[0, 1, 5, 45]||fah=[93]||chd=[1]
ID:103||extent=[69, 63, 83, 86, 104, 111, 115, 127, 128, 132]||intent=[8, 1, 5]||fah=[4, 113, 209]||chd=[119, 147, 160]
ID:104||extent=[70]||intent=[1, 5, 21, 47]||fah=[31]||chd=[1]
ID:105||extent=[71]||intent=[1, 34, 2, 5, 6, 31]||fah=[82, 133, 169]||chd=[1]
ID:106||extent=[74, 13, 126]||intent=[1, 10, 5, 23]||fah=[19, 65]||chd=[27, 107, 156]
ID:107||extent=[74]||intent=[1, 5, 10, 23, 29]||fah=[86, 106]||chd=[1]
ID:108||extent=[18, 75, 180]||intent=[1, 26, 5]||fah=[4]||chd=[36, 109, 204]
ID:109||extent=[75]||intent=[1, 26, 5, 23]||fah=[65, 108]||chd=[1]
ID:110||extent=[76]||intent=[1, 5, 29, 6]||fah=[9, 86]||chd=[1]
ID:111||extent=[40, 77, 97, 170]||intent=[16, 1, 5, 7]||fah=[6, 50]||chd=[69, 134]
ID:112||extent=[79, 63]||intent=[0, 1, 5, 17]||fah=[20, 93]||chd=[94]
ID:113||extent=[82, 69, 63, 83, 86, 104, 111, 115, 127, 128, 132]||intent=[8, 1]||fah=[2, 208]||chd=[103, 114]
ID:114||extent=[82, 63, 86, 127, 132]||intent=[8, 1, 0]||fah=[12, 113]||chd=[115, 119]
ID:115||extent=[82]||intent=[8, 1, 0, 16]||fah=[13, 114]||chd=[1]
ID:116||extent=[83]||intent=[1, 34, 5, 7, 8]||fah=[117, 160]||chd=[1]
ID:117||extent=[83, 84, 171]||intent=[1, 34, 5, 7]||fah=[6, 82]||chd=[116, 118, 197]
ID:118||extent=[84]||intent=[1, 34, 5, 7, 12, 49, 50, 51]||fah=[45, 117, 195]||chd=[1]
ID:119||extent=[86, 63, 127, 132]||intent=[0, 1, 5, 8]||fah=[93, 103, 114]||chd=[94, 157]
ID:120||extent=[86]||intent=[0, 1, 5, 40, 8, 19]||fah=[88, 157]||chd=[1]
ID:121||extent=[88, 65, 154]||intent=[1, 44, 5]||fah=[4]||chd=[100, 123]
ID:122||extent=[88, 29, 133, 157]||intent=[1, 35, 5]||fah=[4]||chd=[123, 165, 188]
ID:123||extent=[88]||intent=[1, 35, 44, 5]||fah=[121, 122]||chd=[1]
ID:124||extent=[89]||intent=[1, 5, 53, 23]||fah=[65]||chd=[1]
ID:125||extent=[90, 7, 94, 125, 149, 170]||intent=[18, 5]||fah=[15]||chd=[17, 126, 132]
ID:126||extent=[90]||intent=[18, 34, 5, 54]||fah=[61, 125]||chd=[1]
ID:127||extent=[92]||intent=[1, 55, 5, 15]||fah=[37]||chd=[1]
ID:128||extent=[82, 93, 6, 145]||intent=[0, 16]||fah=[16, 52]||chd=[13, 177]
ID:129||extent=[2, 9, 74, 13, 17, 85, 22, 26, 93, 40, 42, 95, 114, 126, 147, 161]||intent=[10, 5]||fah=[15]||chd=[19, 130]
ID:130||extent=[40, 93]||intent=[16, 10, 5]||fah=[96, 129]||chd=[69, 131]
ID:131||extent=[93]||intent=[16, 0, 10, 5]||fah=[130, 177]||chd=[1]
ID:132||extent=[94, 125, 149, 170]||intent=[1, 18, 5]||fah=[4, 125]||chd=[155]
ID:133||extent=[96, 71, 181]||intent=[1, 2, 5, 6]||fah=[9, 84]||chd=[105, 205]
ID:134||extent=[97, 170]||intent=[1, 5, 7, 16, 29]||fah=[86, 111]||chd=[196]
ID:135||extent=[98, 84, 140, 170]||intent=[1, 5, 49]||fah=[4, 137]||chd=[136, 171, 195]
ID:136||extent=[98]||intent=[1, 2, 5, 49]||fah=[84, 135]||chd=[1]
ID:137||extent=[98, 99, 84, 140, 170]||intent=[49, 5]||fah=[15]||chd=[135, 138]
ID:138||extent=[99, 170]||intent=[16, 49, 5]||fah=[96, 137]||chd=[196]
ID:139||extent=[100]||intent=[56, 1, 5]||fah=[4]||chd=[1]
ID:140||extent=[101]||intent=[16, 1, 5, 15]||fah=[37, 50]||chd=[1]
ID:141||extent=[16, 102, 120, 149, 178, 189]||intent=[24, 1, 5]||fah=[4, 211]||chd=[33, 182]
ID:142||extent=[103]||intent=[57, 5]||fah=[15]||chd=[1]
ID:143||extent=[105]||intent=[1, 15, 5, 7]||fah=[6, 37]||chd=[1]
ID:144||extent=[107]||intent=[1, 59, 5, 30]||fah=[70, 173]||chd=[1]
ID:145||extent=[10, 12, 108, 21, 86, 59, 112]||intent=[19]||fah=[14]||chd=[25, 146]
ID:146||extent=[108]||intent=[9, 19, 60, 61, 62]||fah=[53, 145]||chd=[1]
ID:147||extent=[111]||intent=[64, 1, 66, 65, 5, 8]||fah=[103]||chd=[1]
ID:148||extent=[112]||intent=[1, 67, 5, 17, 19]||fah=[20, 25]||chd=[1]
ID:149||extent=[113]||intent=[1, 68, 5]||fah=[4]||chd=[1]
ID:150||extent=[119]||intent=[1, 2, 12, 5]||fah=[45, 84]||chd=[1]
ID:151||extent=[121, 135]||intent=[1, 36, 5, 6]||fah=[9, 77]||chd=[167]
ID:152||extent=[122]||intent=[1, 5, 70, 7]||fah=[6]||chd=[1]
ID:153||extent=[123]||intent=[0, 1, 5, 72, 73]||fah=[93]||chd=[1]
ID:154||extent=[124]||intent=[75, 5]||fah=[15]||chd=[1]
ID:155||extent=[125, 149, 170]||intent=[1, 18, 5, 7]||fah=[6, 132]||chd=[182, 196]
ID:156||extent=[126]||intent=[1, 5, 10, 76, 77, 23]||fah=[106]||chd=[1]
ID:157||extent=[86, 127, 132]||intent=[0, 1, 5, 40, 8]||fah=[91, 119]||chd=[120, 158, 164]
ID:158||extent=[127]||intent=[0, 1, 5, 40, 8, 78]||fah=[157]||chd=[1]
ID:159||extent=[8, 128]||intent=[1, 20, 5, 7]||fah=[6]||chd=[18, 161]
ID:160||extent=[128, 83]||intent=[8, 1, 5, 7]||fah=[6, 103]||chd=[116, 161]
ID:161||extent=[128]||intent=[1, 5, 7, 8, 79, 20]||fah=[159, 160]||chd=[1]
ID:162||extent=[130]||intent=[81, 5, 1]||fah=[4]||chd=[1]
ID:163||extent=[131]||intent=[1, 82, 83, 5]||fah=[4]||chd=[1]
ID:164||extent=[132]||intent=[0, 1, 5, 40, 8, 84, 85]||fah=[157]||chd=[1]
ID:165||extent=[29, 133]||intent=[16, 1, 35, 5]||fah=[50, 122]||chd=[51]
ID:166||extent=[14, 135]||intent=[1, 5, 6, 23]||fah=[9, 65]||chd=[30, 167]
ID:167||extent=[135]||intent=[1, 36, 5, 6, 23]||fah=[151, 166]||chd=[1]
ID:168||extent=[136]||intent=[1, 5, 11, 16, 86]||fah=[10, 50]||chd=[1]
ID:169||extent=[138, 71]||intent=[1, 5, 6, 31]||fah=[9]||chd=[105, 170]
ID:170||extent=[138]||intent=[32, 1, 5, 6, 88, 31]||fah=[90, 169]||chd=[1]
ID:171||extent=[140]||intent=[1, 5, 49, 23, 89]||fah=[65, 135]||chd=[1]
ID:172||extent=[141]||intent=[1, 90, 5, 15]||fah=[37]||chd=[1]
ID:173||extent=[107, 142]||intent=[1, 59, 5]||fah=[4]||chd=[144, 174]
ID:174||extent=[142]||intent=[1, 59, 5, 17]||fah=[20, 173]||chd=[1]
ID:175||extent=[143]||intent=[1, 91, 5]||fah=[4]||chd=[1]
ID:176||extent=[144, 171]||intent=[1, 92, 5]||fah=[4]||chd=[197]
ID:177||extent=[145, 93]||intent=[0, 16, 5]||fah=[24, 96, 128]||chd=[131, 178]
ID:178||extent=[145]||intent=[0, 1, 5, 16]||fah=[13, 50, 93, 177]||chd=[1]
ID:179||extent=[129, 71, 72, 146, 96, 98, 42, 54, 119, 62, 181]||intent=[2, 5]||fah=[15, 59]||chd=[84, 180]
ID:180||extent=[146]||intent=[2, 5, 40, 93, 94]||fah=[98, 179]||chd=[1]
ID:181||extent=[147]||intent=[96, 1, 5, 10, 95]||fah=[19]||chd=[1]
ID:182||extent=[149]||intent=[1, 5, 7, 18, 24]||fah=[141, 155]||chd=[1]
ID:183||extent=[150, 158, 164]||intent=[16, 1, 5, 6]||fah=[9, 50]||chd=[1]
ID:184||extent=[151, 165]||intent=[1, 52, 5]||fah=[4]||chd=[192]
ID:185||extent=[152]||intent=[1, 99, 5, 6]||fah=[9]||chd=[1]
ID:186||extent=[155]||intent=[16, 1, 5, 101]||fah=[50]||chd=[1]
ID:187||extent=[156]||intent=[0, 1, 5, 102]||fah=[93]||chd=[1]
ID:188||extent=[157]||intent=[32, 1, 34, 35, 5, 103]||fah=[122, 206]||chd=[1]
ID:189||extent=[160]||intent=[104, 1, 5]||fah=[4]||chd=[1]
ID:190||extent=[9, 161]||intent=[1, 10, 5, 6]||fah=[9, 19]||chd=[21, 191]
ID:191||extent=[161]||intent=[1, 5, 6, 105, 106, 10]||fah=[190]||chd=[1]
ID:192||extent=[165]||intent=[1, 108, 5, 52]||fah=[184]||chd=[1]
ID:193||extent=[167]||intent=[1, 5, 110, 111]||fah=[4]||chd=[1]
ID:194||extent=[169]||intent=[1, 5, 6, 7, 112, 113]||fah=[3]||chd=[1]
ID:195||extent=[170, 84]||intent=[1, 49, 5, 7]||fah=[6, 135]||chd=[118, 196]
ID:196||extent=[170]||intent=[32, 1, 5, 7, 16, 49, 114, 115, 116, 18, 29]||fah=[57, 90, 138, 155, 195, 134]||chd=[1]
ID:197||extent=[171]||intent=[1, 34, 5, 7, 92]||fah=[176, 117]||chd=[1]
ID:198||extent=[172]||intent=[40, 1, 5, 117]||fah=[91]||chd=[1]
ID:199||extent=[27, 173]||intent=[1, 5, 33]||fah=[4]||chd=[46, 200]
ID:200||extent=[173]||intent=[1, 33, 5, 15, 23]||fah=[199, 201]||chd=[1]
ID:201||extent=[173, 174]||intent=[1, 23, 5, 15]||fah=[37, 65]||chd=[200, 202]
ID:202||extent=[174]||intent=[1, 5, 15, 118, 23]||fah=[201]||chd=[1]
ID:203||extent=[176]||intent=[1, 5, 6, 15]||fah=[9, 37]||chd=[1]
ID:204||extent=[180]||intent=[1, 26, 5, 121, 122]||fah=[108]||chd=[1]
ID:205||extent=[181]||intent=[1, 2, 5, 6, 123, 30]||fah=[85, 133]||chd=[1]
ID:206||extent=[157, 182]||intent=[32, 1, 34, 5]||fah=[82, 90]||chd=[188]
ID:207||extent=[185]||intent=[1, 124, 5]||fah=[4]||chd=[1]
ID:208||extent=[128, 132, 69, 82, 83, 86, 104, 111, 115, 187, 63, 127]||intent=[8]||fah=[14]||chd=[113, 209]
ID:209||extent=[128, 132, 69, 83, 86, 104, 111, 115, 187, 63, 127]||intent=[8, 5]||fah=[15, 208]||chd=[103]
ID:210||extent=[188]||intent=[1, 5, 126, 127]||fah=[4]||chd=[1]
ID:211||extent=[102, 16, 178, 149, 120, 189, 190]||intent=[24, 5]||fah=[15]||chd=[141, 212]
ID:212||extent=[190]||intent=[129, 130, 131, 5, 24]||fah=[211]||chd=[1]
