0 1 2 3 4
5 1 6 7 8
5 1 9 10 6
1 5 7 11 12
5 1 13 6
6 5 1 14 11 15
0 16 1 17
18 0 5 0 19
5 1 17 20 7 4
5 1 10 6 17 4
5 1 21 19 19 4
22 5 1 6 11
5 1 4 0 19 19
1 9 5 23 10 6
1 23 9 5 6 7 18
5 1 21 19
23 24 5 1 9 4 19
5 1 10 14 11 6
5 1 25 26 19
5 1 15 4
27 28 5 1 6
5 1 19 29 6
5 1 9 10 30 31
5 1 4
22 5 1 6
32 5 1 11 15
5 12 10 1 6
5 1 33 12 16 6
5 30 17 30 34 1
5 16 1 35 36 19
16 9 34 1
32 16 1 5
37 5 1 6 15
5 1 38
2 16 10
39 5 1 34 17
7 5 1 16
2 16 1 5
5 1 23 17 23 23 11
5 1 16 9 29
5 1 16 10 7 15
5 1 16 30 21
5 1 2 10 11 4
39 5 1 6 4
9 5 1 6
9 5 16 1 6
16 1 40 10
5 1 36 39 17
5 16 1 7
1 6 5 40
5 1 41
5 1 16 42 15
5 16 1 23 43
5 1 40 34 16
5 2 1 30 7
5 1 7 10
5 1 29 15 9
5 1 26
5 23 1 4
5 34 0 19 1 17
5 1 32 6
40 1 5 4
16 5 1 2 29
5 1 0 23 17 23 8 23 11
5 16 40 1
5 1 44 6 24
5 1 16 17 8
16 5 1 2
5 45 1 0 16
5 8 1 46
5 1 47 21 21 19
5 1 31 34 6 2 4
5 1 2 12
5 1 11 48
5 1 29 23 10 6
26 5 1 23 15
5 1 29 6 15
5 16 1 7 6
5 1 6
5 0 1 17 6
5 1 21 19
5 1 23 31
1 8 0 16 5
5 1 34 7 8 16
34 1 5 7 49 12 50 51 16
5 1 10 7
5 8 1 0 19 40 52
5 1 29 6
5 1 44 35 6
5 1 23 53 7
5 18 54 34 17
5 17 1 4
5 55 1 15 52
16 5 10 0 1
5 1 18 15
5 1 10 6
5 2 1 6 31
16 5 1 29 7 31
5 1 2 49 6
49 5 16 1
56 5 1 6
5 16 1 15 26
24 5 1 35
57 5 1
5 1 8 17
5 1 15 7 17
5 16 1 58
5 59 1 30 8
9 60 61 62 19 4
5 1 39 63
5 1 6
1 64 65 66 8 5 31
5 67 1 19 17 52
5 1 68 69
5 1 10 6
5 1 8 49
5 1 23
5 1 6 11
5 1 15 6
5 1 2 12 6
24 5 1 8
5 1 6 36 31
5 7 70 1 71
5 1 72 0 73 74
75 5 1
5 18 7 18 1 31
76 5 1 23 10 77 15
0 5 1 78 40 8 40
5 1 79 8 7 20 80
2 5 1 6
5 81 1 24
5 82 1 83 0
5 1 84 8 40 0 85 78
5 16 1 35 36
5 1 21
5 23 36 1 6 31
86 16 5 1 11 87
1 5 7 17
5 1 32 88 6 31 29
5 1 21
89 23 5 1 49 20
5 15 90 1 4
5 1 17 59 6
5 91 1 9
5 1 92 11
0 5 1 16 7
2 40 93 5 94 1
5 1 95 10 96 29
5 1 9 23 97
24 5 1 7 18 7 6
5 16 1 6 31
5 1 52 98
99 5 1 6 100
34 5 1
5 1 44 6
16 5 101 1 17
102 0 5 1 6
5 103 1 34 32 35 36
5 16 1 6 31
1 5 17 6
5 104 1 11
5 1 105 106 6 10 16
5 1 26
16 5 1 107
5 16 1 6 31
5 1 108 52 40
5 1 11 109
110 5 1 111 15
5 1 6 4
5 1 7 112 113 6 31
1 32 29 114 115 49 5 16 116 7 18 7
5 1 92 34 7 6
5 40 1 117 10
5 1 15 33 23 6
5 1 15 118 23 6
5 1 119
5 1 15 6 31
5 1 120
5 1 24 32
1 5 34
1 5 121 26 122 17
5 123 2 1 6 30 36
5 1 32 34 17
5 1 11
5 1 11 7
124 1 5 32
5 1 125
5 8 1
5 1 126 127 6
1 5 24 128
5 129 130 24 131 1
